1
7
8
15
20
22
23
28
40
44
52
53
59
68
71
72
74
79
80
81
84
86
89
90
92
97
98
99
101
103
107
108
119
126
128
131
136
139
144
150
151
157
159
162
165
170
171
175
176
180
183
185
188
189
199
202
203
218
220
228
229
231
236
237
238
243
244
248
255
258
260
262
263
264
265
266
268
269
270
271
272
291
293
294
301
306
311
318
322
323
326
330
331
332
333
334
337
340
354
355
362
363
365
366
367
369
370
374
377
379
380
384
385
388
389
393
399
401
402
404
405
415
418
419
428
434
436
445
449
461
462
466
469
471
472
473
479
480
488
494
498
510
511
515
516
517
528
529
531
535
540
543
544
556
558
561
564
565
569
570
572
577
581
584
588
594
597
599
603
612
613
618
621
625
631
632
638
642
643
646
649
651
653
655
656
659
667
669
671
673
680
681
687
694
696
700
705
728
734
738
741
745
753
754
755
761
762
763
766
771
773
775
776
778
786
787
794
795
798
802
805
816
818
822
825
828
831
841
842
844
846
850
855
860
865
868
869
874
876
878
880
885
886
887
889
893
895
896
900
905
909
911
921
922
926
928
931
935
936
937
941
946
951
952
955
960
967
971
974
977
980
981
985
988
991
993
997
1006
1015
1022
1025
