3
9
13
30
36
39
40
42
49
51
52
59
61
66
70
73
77
89
96
97
98
102
107
111
114
117
120
121
127
131
136
137
140
142
144
145
152
153
154
157
158
162
168
178
181
183
186
193
194
199
201
205
209
212
217
218
223
225
229
234
235
240
241
242
245
248
252
253
254
258
259
262
264
266
268
271
272
273
277
283
284
289
291
294
295
298
300
306
315
319
323
324
332
335
336
339
341
346
351
352
357
359
364
368
370
371
372
373
374
379
382
387
392
401
405
406
413
421
425
427
429
430
440
448
449
453
456
457
458
464
470
477
480
482
492
493
495
496
502
504
506
512
514
519
521
522
528
539
542
550
551
552
553
558
559
561
568
570
571
572
581
584
585
586
596
598
603
605
610
614
616
625
628
635
637
639
641
643
646
647
650
651
652
657
665
667
668
669
671
683
685
692
695
698
701
703
705
706
707
710
711
716
717
728
730
734
735
738
742
746
748
750
762
765
767
768
769
772
774
779
784
785
787
791
794
797
798
799
801
802
803
807
808
811
818
822
824
826
828
830
833
839
840
841
844
847
848
851
853
854
855
859
862
864
865
866
875
879
882
884
890
894
897
899
901
912
913
914
918
926
928
930
936
938
942
945
946
951
