1
3
7
12
13
14
15
17
21
26
30
34
35
42
46
51
53
54
55
58
65
66
70
71
80
84
90
94
95
101
105
107
109
112
113
114
116
119
128
132
138
139
141
147
148
149
152
154
159
160
167
171
178
182
183
185
187
190
191
194
204
210
211
212
214
220
221
222
224
225
229
231
232
233
235
242
248
249
250
253
255
259
264
265
273
283
286
287
293
295
296
297
301
302
305
306
307
317
320
322
326
337
342
346
348
358
364
369
378
385
393
398
407
412
416
418
424
426
429
431
435
437
442
454
455
458
464
467
471
472
473
475
476
479
480
483
486
490
498
502
503
510
513
519
520
531
536
544
545
546
548
553
555
556
557
559
560
561
563
565
566
569
571
576
582
585
586
589
597
600
603
606
612
614
615
616
624
629
634
636
642
643
646
648
653
656
657
664
666
671
672
675
676
677
685
686
688
690
692
693
701
702
705
706
712
714
716
718
721
722
723
727
728
731
741
743
748
749
750
751
