0
2
5
7
8
10
14
16
17
18
21
22
25
26
29
32
34
36
41
44
45
47
48
51
52
57
58
61
63
68
72
73
79
80
86
100
103
105
109
115
117
120
127
131
133
134
137
139
142
143
147
151
155
160
163
165
167
190
196
205
207
212
213
214
222
223
227
231
234
244
245
246
249
252
253
259
278
290
307
314
315
320
324
325
329
330
335
343
347
348
349
352
355
370
373
379
387
397
404
423
424
432
433
436
437
438
442
444
452
456
463
465
467
469
473
485
487
488
492
494
498
502
503
515
538
542
543
557
566
569
570
581
582
583
584
587
589
602
608
611
620
626
633
634
639
642
644
648
651
652
653
655
658
659
661
662
663
667
671
680
686
687
690
694
696
698
705
706
707
712
713
714
728
730
735
739
742
744
750
756
758
766
773
774
778
779
783
795
796
798
800
801
802
803
810
812
817
818
828
832
833
835
836
838
840
841
849
850
851
852
853
855
856
861
876
878
879
889
893
898
900
902
907
910
917
919
921
922
923
928
930
931
941
944
945
948
952
953
955
957
961
978
979
980
982
992
1001
1004
1007
1011
1012
1016
1017
1020
1040
1043
1046
1047
1050
1055
1058
1059
1061
1072
1075
1084
1088
1089
1090
1093
1100
1101
1104
1108
1122
1123
1124
1126
1141
1142
1147
1149
1152
1155
1156
1160
1164
1165
1168
1169
1170
1172
1174
1176
1177
1181
1184
1187
1188
1191
1192
1196
1203
1211
1214
1218
1222
1227
1232
1233
1234
1235
1239
1241
1247
1250
1256
1258
1260
